0.2
0.2
0.2
0.51
0.71
0.2
0.1
0.31
0.2
0.31
0.61
0.1
0.2
0.31
0.1
0.41
0.71
0.31
0.2
0.41
0.1
0.41
0.2
0.2
0.2
0.31
0.2
0.31
0.41
0.31
0.1
0.1
0.31
0.2
0.2
0.31
0.3
0.2
0.1
0.41
0.71
0.41
0.2
0.31
0.31
0.41
0.3
0.1
0.31
1.83
0.2
0.41
0.2
0.41
0.41
0.2
0.31
0.81
0.31
0.41
0.41
0.51
0.2
0.51
1.02
0.81
0.41
0.71
0.31
0.72
1.03
0.31
0.2
0.51
0.31
0.72
0.41
0.61
0.2
0.51
0.1
0.41
0.2
0.2
0.2
0.2
0.51
0.31
0.2
0.2
0.51
0.51
0.51
0.31
0.1
0.41
0.2
8.28
0.61
0.31
1.22
0.2
0.71
0.1
0.31
0.41
0.2
0.1
0.2
0.2
0.1
0.81
0
0.2
0.51
0.2
0.41
0.51
0.31
0.1
0.1
0.2
0.31
0.41
0.2
0.2
0.2
0.51
0.31
0.41
0.41
0.41
0.2
0.1
0.2
0.31
0.31
0.2
0.41
0.61
0.41
0.41
0.61
0.31
0.2
0.2
0.41
0.41
0.1
0.1
0.1
0.71
0.31
0.31
0.31
0.51
0.2
0.2
0.1
0.41
0.31
0.31
0.2
0.41
0.61
0.31
0.1
0.2
0.61
0.2
0.1
0.41
0.1
0.31
0.31
0.1
0.51
0.41
0.31
0.1
0.41
0.1
0.2
0.41
0.1
0.1
0.1
0.41
1.12
0.31
0.2
0.1
0.1
0.31
0.2
0.92
0.41
0.31
0.61
0.31
0.92
0.71
0.61
0.3
0.51
0.61
0.61
0.82
0.72
0.31
0.51
0.31
0.61
1.32
0.41
0.41
0.31
0.31
0.41
0.81
0.41
0.51
0.51
1.63
0.51
2.03
0.51
0.31
1.12
0.61
0.2
0.31
0.2
0.1
0.41
0.1
0.41
1.22
0.2
0.1
0.2
0.2
0.31
0.31
0.2
0.1
0.2
0.1
0.1
0.51
0.61
0.2
0.2
0.2
0.41
0.31
0.71
0.1
0.1
0.2
0.31
0.51
0.51
0.2
0.2
0.2
0.1
0.41
0.41
0.2
11.83
75.3
89.57
81.25
77.35
13.43
0
0.31
0.61
0.61
0.2
0.41
0.1
0.1
17.68
79.13
78.54
85.56
60.43
0.1
0.31
0.51
0.2
0.2
0.41
0.31
0.1
9.23
26.6
1.63
1.02
1.63
0.2
0.31
0.1
0.2
0.31
0.51
0.41
0.61
0.31
0.61
0.61
1.35
0.51
0.41
0.31
0.1
0.2
0.51
0.31
0.82
0.62
0.1
0.71
0.1
0.61
0.51
0.41
0.2
0.1
0.1
0.51
0.71
0.31
0.2
0.51
0.2
0.2
0.31
0.2
0.2
0.2
0.51
0.2
1.02
0.1
0.2
0.41
4.69
83.08
78.95
79.52
65.66
0.1
0.31
2.14
1.02
0.31
0.31
0.2
0.71
0.3
0.51
0.92
0.41
0.2
0.41
0.2
0.41
0.2
0.1
0.41
9.15
0.2
0.51
0.41
0.51
0.2
0.1
0.2
2.34
0.41
0.41
0.2
0.3
0.1
0.31
0.41
0.2
0.2
0
0.1
0.31
0.93
0.71
0.2
0.51
0.82
0.92
0.82
0.31
0.31
0.2
0.31
0.41
0.71
0.1
0.51
0.31
70.92
80.16
78.93
77.02
7.23
0.2
0.31
0.51
0.31
0.31
0.41
0.31
0.41
0.61
0.1
0.2
0.1
0.41
0.2
0.31
0.61
0.2
0.1
0.3
20
99.4
58.16
0.2
0.1
0.1
71.14
96.9
51.12
50.96
25.94
0.2
0.61
0.51
0.2
0.1
0.31
0.1
0.41
0.1
0.61
0.1
0.2
0.31
0.1
0.51
1.11
0.1
0.1
0.2
0.41
0.2
67.68
77.82
79.64
67.75
15.44
0.2
1.02
49.65
99.7
99.7
86.62
36.48
0.92
0.1
0.41
0.2
0.1
0.2
1.22
0.1
0.1
0.1
0.2
0
0.51
0.1
0.1
10.5
50.97
50.91
51.88
48.07
0.2
0.31
0.51
1.24
76.6
71.96
74.62
67.51
77.89
2.14
0.61
0.51
0.2
0.2
0.1
0.1
0.31
0.31
0.2
0.1
0.2
0.1
0.51
1.01
0.2
0.2
0.2
0.1
60.59
77.4
76.97
72.06
2.14
0.1
0.41
0.71
0.41
0.1
0.1
0.2
0.31
0.1
0.31
0.3
0.2
0.2
0.41
0.1
0.51
0.41
0.1
0.41
65.72
76.64
74.01
52.74
0.1
0.1
0.61
0.1
0.51
0.2
0.3
0.1
0.31
0.3
0.3
0
0.3
0.1
0.92
0.2
0.81
0.2
0.51
7.34
78
78.85
79.31
74.75
23.68
0.31
0.62
0.2
0.31
1.22
0.1
0.51
0.61
0.2
0.2
0.3
0.2
0.51
0.61
0.2
0.2
0.92
0.41
0.51
65.85
77.5
79.23
74.34
36.98
0.2
0.81
0.2
0.2
0.91
0.51
0.31
0.81
0.31
0.31
0.31
0.31
0.2
0.41
0.2
0.2
0.41
0.81
0.51
68.69
80.99
82.78
74.24
61.23
0.2
1.02
0.51
0.2
0.1
0.71
0.31
1.12
0.2
0.71
0.1
0.31
0.2
0.81
0.2
0.3
0.31
0.41
0.1
73.48
82.18
78.46
76.52
0.41
0.1
0.71
0.1
2.75
51.01
50.96
51.32
51.37
51.01
50.97
51.17
51.07
51.02
51.63
50.96
51.02
51.48
51.64
51.78
85.5
96.3
96.2
92.76
96.39
92.69
53.86
51.27
51.02
51.02
51.17
51.37
51.68
51.17
50.91
51.17
51.44
51.17
52.97
51.12
51.17
51.07
51.07
51.42
88.88
94.59
90.55
94.91
96.33
96.9
78.55
51.07
51.58
51.94
48.52
52.39
53.47
52.05
52.34
52.13
51.99
51.02
51.62
51.12
51.53
51.12
51.91
51.22
86.9
96.23
96.8
94.66
96.34
95.53
67.98
51.07
51.22
50.96
51.22
51.48
51.22
51.22
51.12
50.97
50.96
51.43
51.93
51.12
51.33
51.38
51.23
51.61
96.95
96.29
95.74
96.9
93.53
97.09
51.69
51.04
51.54
51.23
51.08
51.02
51.32
51.17
51.47
51.07
51.01
51.22
51.89
51.33
51.02
51.02
51.32
51.22
85.53
96.5
95.1
94.1
97.29
89.43
70.38
51.17
51.69
51.33
51.9
50.63
51.66
51.43
51.33
51.78
51.12
51.17
52.3
51.07
51.12
51.27
51.17
51.17
87.15
96.99
96.18
95.54
94.57
95.58
52.14
51.12
51.12
50.91
51.28
51.22
51.42
51.38
51.28
51.18
50.54
51.43
52.05
51.28
51.07
51.12
51.12
51.12
86.71
96.5
94.99
95.2
97.2
89.66
51.52
50.91
51.17
51.22
51.07
51.58
51.32
51.13
51.17
51.12
51.68
51.07
51.98
51.12
51.32
51.12
51.43
53
96.3
96.8
94.49
96.8
86.18
89.98
53.7
51.12
51.12
50.81
50.96
51.02
51.01
51.73
51.28
51.12
51.43
51.37
51.17
51.73
51.59
51.27
51.73
51.73
94.21
95.28
95.98
96.28
97.07
92.98
81.03
52.16
51.59
50.82
51.27
51.5
51.17
51.42
51.02
51.37
51.02
50.43
51.84
51.63
51.01
51.12
50.91
55.12
97.4
96.1
97
96.49
96.2
62.69
51.27
51.68
50.86
50.96
51.12
93.59
95.1
96.2
95.06
96.3
74.17
50.81
50.91
51.62
50.91
51.27
52.59
94.98
96.09
90.35
96.3
95.41
69.6
51.01
50.81
51.72
51.43
51.06
52.64
96.8
95.21
96.3
95.89
96.3
58.6
51.02
50.97
53.14
51.17
51.27
52.03
50.45
50.35
50.9
50.3
50.3
50.65
50.4
50.25
50.6
50.3
50.35
49.29
50.6
50.2
50.5
50.3
50.3
50.3
50.3
50.25
50.7
50.3
50.4
50.5
50.5
50.25
50.75
50.25
50.25
50.45
50.55
50.3
50.5
50.3
50.35
50.35
50.4
50.3
50.7
50.25
50.2
50.2
50.35
50.3
50.65
50.25
50.35
50.35
50.45
50.25
50.7
50.4
50.3
50.95
50.45
50.3
51.1
50.2
50.45
50.35
50.35
50.2
50.95
50.35
50.25
50.25
50.4
50.3
51.2
50.2
50.4
50.25
50.3
50.3
50.45
50.3
50.4
50.3
50.55
50.25
50.95
50.2
50.5
50.25
50.15
50.15
50.5
49.95
50.4
50.25
50.35
50.1
50.7
50.1
50.35
50.5
50.2
50.15
50.25
50.25
50.2
50.15
50.65
49.28
50.6
50.3
49.38
49.17
48.85
49.54
50.15
49.18
49.9
49.04
50.45
50.3
50.81
49.85
48.81
50.3
49.27
50.15
50.65
49.44
49.23
50.1
50.35
50.35
50.95
50.15
48.08
49.75
51.51
50.3
50.65
50.25
50.1
50.4
50.15
50
51.16
50.2
50.2
50.4
50.35
50.15
50.5
50.1
50.35
50.45
50.5
49.85
49.1
49.69
50.2
50.2
49.95
50.15
50.55
50.3
50.15
50.1
50.2
50.2
50.6
50.25
50.2
50.35
50.35
50.2
50.4
50.15
50.4
50.3
50.55
50.3
50.8
50.3
50.25
50.2
50.2
50.3
51.41
50.25
50.2
50.2
50.2
50.2
50.85
51.05
50.2
50.55
55.73
49.9
50.41
50.15
50.25
50.15
50.05
50.15
49.63
50.25
50.35
50.4
50.35
50.3
50.7
50.3
50.3
50.15
50.3
50.25
50.85
50.25
50.4
50.35
50.1
49.7
50.55
49.74
50.15
50
50.3
50.55
50.65
50.3
50.5
50.3
50.2
50.2
50.4
50.15
50.5
50.3
50.3
50.3
50.8
50.2
49.48
49.95
49.49
49.9
49.95
49.54
50.05
48.92
48.96
48.06
49.11
48.21
48.16
48.58
48.38
48.65
48.74
47.83
47.97
50.4
50.2
49.33
50.05
49.64
50.05
50.05
49.02
49.34
50
49.28
49.17
49.43
50.2
50.55
49.69
49.95
50.4
50.3
50.55
50.25
50.6
50.2
50.25
50.55
50.25
50.2
50.65
50.3
50.55
50.2
50.35
50.2
49.74
49.95
50.25
50.25
50.35
50.4
50.7
50.2
50.45
50.2
50.1
50.2
50.6
50.25
50.45
50.25
50.4
50.25
50.9
50.2
50.55
50.25
50.25
50.15
50.65
50.2
54.27
53.78
50.25
50.45
50.95
50.3
50.45
50.15
50.45
50.15
50.6
50.35
49.44
50.15
50.3
50.2
50.7
50.15
49.9
49.38
50
50.4
50.81
50.25
50.3
50.3
50.3
50.35
50.9
50.3
50.4
50.2
50.55
50.25
51.05
50.3
50.2
50.2
50.4
50.05
50.8
50.3
50.4
50
50.2
50.35
50.7
50.25
50.2
50.25
50.35
50.2
51.05
50.25
50.35
50.25
50.3
50.25
50.6
50.1
50.4
50.3
50.25
50.15
50.7
50.2
50.55
50.55
50.25
50.25
50.6
50.15
50.3
50.2
50.35
50.2
51.46
50.15
50.45
50.25
50.55
50.25
50.65
50.2
50.35
50.25
50.45
50.15
50.65
50.25
50.4
50.35
50.3
50.1
50.6
50.1
46.93
50.15
50.45
50.25
50.85
50.4
50.4
50.25
50.4
50.35
50.25
50.3
50.1
50.2
50.25
50.3
50.4
50.65
50.4
50.3
50.25
50.2
50.45
50.6
50.25
50.2
50.3
50.3
50.35
50.9
50.35
50.2
50.3
51.36
50.25
50.76
58.38
50.25
50.2
50.25
50.25
50.65
50.35
50.3
50.35
50.2
50.25
50.8
50.2
50.3
50.3
50.3
50.4
50.95
50.4
50.35
50.25
50.15
50.4
50.55
50.15
50.3
50.2
50.25
50.4
50.65
50.15
50.4
50.25
50.35
50.4
50.65
50.3
50.25
50.4
50.25
50.3
50.65
50.2
50.55
50.3
50.2
50.3
50.75
50.3
50.3
50.4
50.3
50.4
50.7
50.35
50.25
50.65
50.4
50.25
50.65
50.1
50.2
50.5
50.5
50.25
50.7
50.35
50.25
50.4
50.25
50.3
50.75
50.2
50.25
50.3
50.25
50.35
84.34
77.81
92.45
67.1
68.51
93.49
50.5
50.35
50.3
50.2
50.35
50.35
50.85
50.15
81.93
92.71
97.8
98.5
95.5
95.3
93.89
94.71
77.33
56.91
54.46
54.03
56.63
58.94
54.28
51.91
51.01
51.21
51.06
50.6
51.06
50.85
51.31
51.06
50.7
50.7
50.55
50.65
50.9
50.3
50.5
50.85
50.5
50.75
50.8
50.45
50.6
50.2
50.5
51.2
50.9
50.45
50.4
50.65
50.55
50.65
51.16
50.75
50.9
50.65
51.55
50.7
51.31
50.35
50.25
50.45
52.92
50.95
51.26
50.8
50.7
50.8
51.01
50.6
51.11
50.65
50.8
50.85
52.11
50.5
50.85
51.51
50.4
50.91
50.65
50.4
51.1
50.65
50.7
50.65
50.45
50.35
50.9
50.4
50.4
50.45
50.55
50.55
50.9
50.15
50.2
50.25
50.2
50.4
50.55
91.08
98.6
99.1
99.3
97.3
96.6
97.29
69.05
55.99
54.86
58.67
54.8
57.54
58.6
59.88
51.06
51.16
50.86
52.16
50.95
51.22
51.11
50.55
50.96
50.9
50.5
50.85
50.91
50.4
50.75
50.9
50.65
51.06
50.91
50.5
51.76
50.55
50.45
50.9
50.65
50.8
50.9
50.5
50.65
50.8
50.6
50.45
50.5
50.2
50.45
50.3
50.15
50.1
50.5
50.1
50.1
50.3
50.25
50.15
50.5
50.1
50.15
50.15
50.2
50
50.45
50.05
50.15
50.15
50.2
50.35
50.45
50.2
50.3
59.02
97.8
98.4
99.1
99.2
97.8
97.4
97.09
56.93
50.75
50.25
50.15
50.2
50.15
50.35
50.6
50.25
50.2
50.15
50.3
50.3
50.5
50.2
50.3
50.05
50.2
50.3
50.3
50.2
50.25
50
50.2
50.4
50.4
50.25
50.25
50.2
50.2
50.1
50.5
50.15
50.3
50.35
50.3
50.2
50.65
50.25
50.6
50.25
50.15
50.2
50.35
50.05
50.15
50.35
50.2
50.2
50.75
50.35
50.2
50.2
50.25
55.66
97.5
98.7
99.2
98.5
97.4
96.7
96.7
57.8
54.34
72.18
54.39
56.11
59.53
59.49
56.45
57.95
57.49
55.02
53.91
53.31
51.62
52.89
52.13
51.16
50.5
50.15
50.2
50.2
50.2
50.4
50.65
50.15
50.35
70.94
98.3
98.7
99.3
97.6
97.8
97.1
68.6
54.04
55.59
55.61
61.97
65.18
92.48
72.29
82.65
54.86
50.85
51.66
50.96
50.65
52.46
51
50.4
51.06
50.55
50.75
51.01
50.7
50.4
50.65
50.6
50.85
51
50.86
50.65
49.7
50.45
50.95
51.06
51.86
50.76
50.5
50.65
50.6
50.75
50.6
50.45
50.96
50.3
50.55
50.45
50.5
51.16
51.06
52.06
51.06
50.9
50.6
50.4
59.64
99.8
57.67
50.8
50.35
50.45
50.91
50.7
50.35
50.75
50.45
50.35
50.95
50.7
50.65
50.75
51
50.6
50.45
50.8
50.65
50.65
50.65
17.84
0.3
0.3
0.4
0.3
0.2
0.1
0.2
0.2
0.6
0.9
0.3
0.2
0.7
0.1
0.2
0.3